gene01,3.0
gene03,5.0,1.0,2.0,4.0,3.0,1.0
gene01,3.0,6.0
gene03,1.0,2.0,4.0,4.0,3.0,1.0,0.0
gene21,2.4,1.2,2.0
gene33,1.0,1.0,2.0,3.0
gene09,2.0,2.0,3.0,4.0,4.0,4.0
gene44,1.0,1.0,2.0,3.0
gene55,3.0
gene44,5.0,1.0,2.0,4.0,3.0,1.0
gene44,3.0,6.0
gene21,3.4,1.2,2.0,5.0,3.5,2.0,1.0
gene22,3.0
gene79,2.0,4.0,3.0,1.0
gene01,3.0,3.0,3.0,4.0,5.0,5.0,5.0
gene03,5.0,1.0,2.0,4.0,3.0,1.0
gene01,3.0,6.0
gene03,1.0,2.0,4.0,4.0,3.0,1.0,0.0
gene21,2.4,1.2,2.0
gene33,1.0,1.0,2.0,3.0
gene89,2.0,2.0,3.0,4.0
gene21,3.4,1.2,2.0,5.0,3.5,2.0,1.0
gene09,1.0,2.0,3.0,5.0,3.0
gene1000
gene02,3.0
gene79,2.0,4.0,3.0,1.0
gene21,2.4,1.2,2.0
gene33,1.0,1.0,2.0,3.0
gene89,2.0,2.0,3.0,4.0
gene21,3.4,1.2,2.0,5.0,3.5,2.0,1.0
gene99,1.0,2.0,3.0
gene22,3.0
gene79,2.0,4.0,3.0,1.0
gene21,2.4,1.2,2.0
gene33,1.0,1.0,2.0,3.0
gene89,2.0,2.0,3.0,4.0
1000
gene21,3.4,1.2,2.0,5.0,3.5,2.0,1.0
gene99,1.0,2.0,3.0
gene22,3.0
gene79,2.0,4.0,3.0,1.0
gene21,2.4,1.2,2.0
gene33,1.0,1.0,2.0,3.0
gene89,2.0,2.0,3.0,4.0
gene21,3.4,1.2,2.0,5.0,3.5,2.0,1.0
gene99,1.0,2.0,3.0
gene01,3.0
gene03,5.0,1.0,2.0,4.0,3.0,1.0
gene01,3.0,6.0
gene03,1.0,2.0,4.0,4.0,3.0,1.0,0.0
gene21,2.4,1.2,2.0
gene33,1.0,1.0,2.0,3.0
gene01,3.0
gene03,5.0,1.0,2.0,4.0,3.0,1.0
gene01,3.0,6.0
gene03,1.0,2.0,4.0,4.0,3.0,1.0,0.0
gene21,2.4,1.2,2.0
gene33,1.0,1.0,2.0,3.0
gene01,3.0
gene03,5.0,1.0,2.0,4.0,3.0,1.0
gene01,3.0,6.0
gene03,1.0,2.0,4.0,4.0,3.0,1.0,0.0
gene21,2.4,1.2,2.0
gene33,1.0,1.0,2.0,3.0
gene01,3.0
gene03,5.0,1.0,2.0,4.0,3.0,1.0
gene01,3.0,6.0
gene03,1.0,2.0,4.0,4.0,3.0,1.0,0.0
gene21,2.4,1.2,2.0
gene33,1.0,1.0,2.0,3.0
gene01,3.0
gene03,5.0,1.0,2.0,4.0,3.0,1.0
gene01,3.0,6.0
gene03,1.0,2.0,4.0,4.0,3.0,1.0,0.0
gene21,2.4,1.2,2.0
gene33,1.0,1.0,2.0,3.0
gene01,3.0
gene03,5.0,1.0,2.0,4.0,3.0,1.0
gene01,3.0,6.0
gene03,1.0,2.0,4.0,4.0,3.0,1.0,0.0
gene21,2.4,1.2,2.0
gene33,1.0,1.0,2.0,3.0,2.0
gene01,3.0
gene03,5.0,1.0,2.0,4.0,3.0,1.0,4.0
gene01,3.0,6.0
gene03,1.0,2.0,4.0,4.0,3.0,1.0,0.0
gene21,2.4,1.2,2.0
gene33,1.0,1.0,2.0,3.0
gene01,3.0
gene03,5.0,1.0,2.0,4.0,3.0,1.0,7.0
gene01,3.0,6.0
gene03,1.0,2.0,4.0,4.0,3.0,1.0,0.0
gene21,2.4,1.2,2.0
gene33,1.0,1.0,2.0,3.0
gene01,3.0
gene03,5.0,1.0,2.0,4.0,3.0,1.0
gene01,3.0,6.0
gene03,1.0,2.0,4.0,4.0,3.0,1.0,0.0
gene21,2.4,1.2,2.0
gene33,1.0,1.0,2.0,3.0
gene01,3.0
gene03,5.0,1.0,2.0,4.0,3.0,1.0,8.0,2.0
gene01,3.0,6.0
gene03,1.0,2.0,4.0,4.0,3.0,1.0,0.0
gene21,2.4,1.2,2.0
gene33,1.0,1.0,2.0,3.0
gene55,1.0,2.0,4.0,4.0,3.0,1.0,0.0
gene44,2.4,1.2,2.0
gene55,1.0,1.0,2.0,3.0
gene33,1.0,1.0,2.0,3.0

